7¡­¡­¡­¡­
0 0 0 0 7.6 0
7.6
0 0 26 0 0 0
26
0 0 0 11 0 0
11
0 0 0 0 0 0
0
0 0 80 0 0 25
105
0 0 0 0 0 0
0
0 0 0 0 0 0
0
0 0 0 0 0 0
0
0 0 47 0 0 0
47
0 0 26 5 0 24
55
0 0 0 0 0 0
0
0 0 0 0 0 0
0
0 14 0 0 0 0
14
0 0 0 0 0 0
0
0 42 0 0 0 10.8
52.8
0 0 0 0 0 0
0
0 0 0 0.5 0 0
0.5
0 0 0 0 0 0
0
0 0 17.6 0 0 27.8
45.4
0 0 0 0 0 0
0
0 0 0 0 0 0
0
0 0 0 0 0 20
20
0 0 0 0 0 0
0
0 25 0 0 0 0
25
0 0 200 0 0 0
200
0 0 0 0 0 0
0
0 0 0 0 30 0
30
4 0 0 0.5 0 0
4.5
0 0 0 0 0 15
15
0 0 0 0 21 0
21
0 60 0 0 0 0
60